9952046
1725126
4442094
6579792
5083425
1353960
6155643
2693939
203662
8172065
7006407
1815465
3977154
7457342
4368539
2668088
9060467
4466176
9434324
3362918
9613993
993232
1501154
6847799
6040907
6198690
7263763
778269
5081522
2138412
3111145
3778694
764755
8599763
8862294
6216242
5426487
5051815
7117923
6943139
1498100
1992965
1909699
4500265
1548629
4861657
6720716
7171980
2682900
5830785
1841820
8434258
2178678
2087751
5142511
5669195
6825187
1497182
8373122
8777781
1086574
4906309
72626
2008449
2221843
9635806
4370333
4559828
722127
7506529
6513584
7324590
8759036
7234639
6660053
4847297
7801399
7492256
624102
7663121
4428642
3966850
7957563
2666330
4699798
4719115
1678371
2068856
2370876
7766801
5623299
4701001
7542024
8552903
5319286
3357238
3792313
346313
169867
7157965
2524808
1003571
7941451
2061301
9591693
193996
7812582
3700692
1218413
856457
7180629
9792235
9545941
4669617
7830725
709830
6337628
3217376
2370621
2694840
242235
7834068
7499982
1735770
7681174
2431832
2541745
2718703
3296909
8422277
9476539
9071959
724512
4905336
3939938
2561804
2659318
4147184
4457594
9755737
6423313
2696018
4691884
7133584
4152931
5016687
3642473
3034782
5301050
9405945
226651
819893
4819030
912325
3016421
8675403
1832525
486863
2467098
17590
4254278
4251708
9815101
6920020
3992790
6005506
2233336
1851002
4925154
1267785
8937134
6083575
4328745
8003002
8052856
5195727
9081616
7689306
794548
5240401
9747664
5679790
9799062
7159884
6418655
8583460
578664
2923031
5804086
7949745
4530782
3842771
96134
6951961
1190574
4865139
5370923
2252852
1505834
8183232
4979509
445124
4035403
5672794
1857355
6193550
6597447
735484
7284627
4669918
822496
4636898
3651243
6755914
9797882
6089851
5750997
3503383
3775311
3087516
4114366
944645
2450044
8367075
8499062
9155485
7456081
9270653
9272994
5420294
667083
2593364
6263694
4236004
8257706
1946398
4764231
9831632
4982332
5946594
4661335
4508093
6952988
1545531
6684543
4891179
5375070
7132898
9791999
1430719
3969962
9034317
7721939
7146603
4129335
4097497
296782
3833994
9950823
7125997
3232645
843761
6841412
5593086
932618
8209396
5539238
4408229
1287450
2384470
2385907
4267704
9718304
5428824
75451
7358951
6374325
9652250
5404705
1453067
3142796
4822927
6726177
1396092
1610025
1568382
831289
9213558
7774682
1911269
5849109
9851517
3613113
838874
9060903
5952417
7949246
9371531
7341902
1749215
6518646
2462572
3404018
1879704
8464686
308753
6088718
7223794
1542581
6919446
9919085
9197259
2404144
9157969
1639746
6576365
2482129
6879108
4958609
1127458
8813746
2936780
8987734
7035598
6611357
8313999
5873082
7293859
3243011
9966279
2499381
6718984
5564566
2941913
6772356
1330401
992189
2558407
619874
5422526
9136057
6952659
5546257
6294460
6743852
6637697
2764110
2376941
5056674
4518224
6447534
1420605
3356096
969669
5519326
90242
8361125
4719706
9888331
5420916
4773049
9290099
9684847
1662743
3630158
6775664
1302729
8285709
4361569
1410368
8917011
5972605
2478238
7895586
2717201
3352936
3202036
7667647
9217564
7077166
1919992
7123360
4146583
6217195
5492556
1582905
4305158
3954511
3832670
1840274
7904225
6354909
8884439
2308993
8086794
6955569
5334021
8100802
3347441
112771
6126487
2152047
7534698
2062127
2558141
1039098
4139681
3419546
4584322
1839200
5111943
1676777
7993632
6813974
4223819
3948662
5629702
6252196
9451101
7357481
7843676
1891842
3919854
3057664
1828999
2040470
7416619
5494681
9910673
1682533
1823689
7669430
3173148
6730511
5742969
475365
9781906
4916191
4458553
182990
8449641
9775235
7345195
8472811
250434
6711966
4553574
1290536
1242618
520956
7612924
750304
9239106
1649206
1793808
4279839
7492290
2917828
8092256
5430611
434182
7117707
6760199
4754670
7727285
8871192
1695858
4924859
1298757
8102732
5152126
7075472
1231892
8086601
122171
1862805
7057407
7460700
7484722
381615
2700388
3206197
415614
646695
2420515
8827396
4151764
856051
9023251
7879110
140740
5287266
5370800
5269604
8318096
5243331
1695703
9507194
6486546
7969663
4494530
2712938
7291674
7468833
8662854
1678162
593212
1611421
4424235
9394729
6419182
6102418
941075
3022518
3414
1844760
7566980
9842304
4015591
6523292
6446028
482861
3884267
7301997
1585098
2324174
9975266
1853302
9740798
8427430
5206279
862547
2356174
7121728
2336568
9233775
1397342
3119544
527925
1898849
8475746
5246746
7353922
4749468
7500872
254683
177662
605891
6566847
9193734
8209219
4577217
7021562
9775989
2563165
9131786
2581891
1589976
9286723
2011460
5388684
1154006
6968434
3929404
1790320
6741451
7794432
166383
7951313
3479365
5071684
9197144
75446
781890
5232102
7236730
5013963
1527426
8243602
491569
3140169
8557890
709974
3352616
1691808
9108784
3151813
9459723
7504151
3465814
7049505
4345608
54632
5701961
5565573
5372089
7418285
2127526
4679793
3130343
4091
9869651
2143684
3768643
1556352
1608501
8590463
5599020
1755487
2380632
9681991
8729798
1974220
282132
5001384
982315
6956166
9926535
4874845
584757
4179024
1432482
7477779
8132000
8470056
5717578
8689716
6259427
7507125
6573770
9701410
1377241
4821390
7545858
3091391
9981867
6100148
9708564
9444081
9025421
5401177
3161836
6154506
411694
7421793
110513
3308830
6915800
5378400
1419634
9177786
4145469
6449150
6300716
1289873
5485207
4366217
3645071
2046726
610965
8293455
5245298
9918754
7933861
4277288
3726559
4174268
842611
7769931
8602905
1534986
6529900
5102408
2965519
1401547
4157062
3117061
224377
5593905
5022054
7214728
2672976
9516405
7981183
1712827
1339201
7867693
9986396
1477612
2404209
4867735
759377
8876409
103002
3643927
5519946
7663945
6297671
3115710
252244
8008697
3242433
9150868
8544123
167046
11777
3240617
3676644
9926054
3281477
7468558
4289476
8582238
8917342
5597953
4368721
6475177
7678791
2315416
1270979
6270507
5795933
7220261
4681977
6561742
6708985
8547267
4022411
8435779
6325194
3149600
5401627
5438974
4135600
1550695
5222023
1680808
3833851
307796
8544868
2606872
9560417
5222650
6844909
9690637
4857255
8077909
5635906
979410
8692277
6192260
9707217
9368886
9886617
8552945
6251612
805397
8295876
9840667
7606983
8779002
8618033
7689132
1669542
3347152
5799713
2328088
9969902
4397953
5507488
8958846
403035
6160354
8373009
226186
8353014
2952207
618766
7373886
6646782
1032047
422049
7382021
1885838
8927625
1447254
1792155
8605643
8144359
9142154
978877
741363
1221040
1620782
9147737
6762864
6249304
513316
8079502
442020
3434866
7732785
767096
2457503
3676128
1902761
834649
6740412
7173611
1927398
5203878
9750195
4935913
8298738
5601654
8952814
1011408
3238007
2162399
1917476
3692743
939734
291674
2553465
7833522
7126503
3281669
6929705
250541
6503960
1486765
7889611
5365763
9165498
316597
9966375
7274742
3277669
8855103
4278972
9726847
17856
1566986
5390045
4120468
6297187
923940
2989207
6850771
2556028
4008843
4542225
8931083
3916282
3056993
7448034
5140513
4775186
1078331
1448480
9933449
3411822
6204350
8452196
9668345
9079907
1715667
3783019
5613045
4468648
8852653
7498052
1208293
1270952
746293
5090138
9605553
5416771
4294077
3831161
4045832
2282087
7168189
4577365
508140
6846594
2597220
4257530
6976845
680377
2834300
3101492
1158816
2540424
3643835
1579487
3914984
3654945
1259828
1945936
8436916
4450696
7149195
9149651
1714000
8527883
7412340
7664825
4826019
9943396
1061860
7897379
7762813
5660470
4630329
4356880
6565114
8230518
815745
2576440
1738622
5125144
8511169
8324002
6505147
1388222
9434492
5962991
9574050
6965708
7451244
6943339
3263801
7558251
2653497
9363559
2815455
519260
5199931
6538065
8734261
8325285
5426858
1449802
7523204
132580
2999648
468121
2950043
4014044
5279568
8541414
3901915
9672368
3808314
6507795
1322892
6471076
5504067
3705397
3283290
5663159
2094840
4606835
2338837
5255976
9558479
9165314
5676101
2808482
5638603
9228698
9603939
425112
4919350
374695
9724144
2781519
600695
5186054
8938359
8232041
9080235
8906976
2996539
2196061
1816345
9517490
9041836
7664014
156026
2877512
9128731
6854055
2546531
7092454
4352745
1480089
2889547
6193444
9884250
5775662
3668261
2825621
9119383
5360857
2502846
9303403
1131398
1036194
1442441
8392343
7053181
8646955
8449540
3039089
2857492
7237751
667728
6077259
1167933
784108
6190728
8167690
2439864
5052798
5591604
4565359
1682362
1746531
3563710
4963117
6973950
165566
530255
7847037
5787423
6852060
2589299
8917669
6596777
8150654
9226735
3814868
4756949
4147537
5595709
2445111
534028
3432997
6434503
706446
5753163
4976536
5856659
8159947
8458236
525826
3663055
7269905
8439499
4565704
3273878
985436
9143176
6053992
4562566
1898474
4175792
1639675
8371646
3896977
4413766
3732079
6498425
4669680
5242964
1529779
1292391
797692
8374235
1183652
2651369
9973718
3494637
3548603
5909049
3206479
7010428
5130
2553445
3728239
9571558
5307259
1332936
1211132
9051996
3903439
1584317
6157863
4303658
3739183
4158206
1004058
8871763
5195750
4971928
2425969
5622924
2869046
1109260
3762732
7298107
7364792
9775912
5287289
5008880
7716590
1792248
5018854
9019136
7833490
9462351
4585405
9900516
6234736
7617179
6257621
7855242
5373501
4161200
86921
3539551
1493094
5584605
8047129
5426714
4614393
844376
4593563
4668803
8639437
4298358
1057055
5894277
1905835
5323799
1688914
3084274
2364913
4354524
3160088
8472131
2550586
225674
6596530
6471679
2359887
2706566
4086507
8418549
7088247
1317573
2183546
700983
2135830
9896104
666480
5164967
6257349
6202864
9171112
4550773
9739738
9774815
6692576
531755
2841087
2863767
5777034
9945640
7249570
5141082
8874529
4774195
9999815
6498309
6382049
3693278
3537041
2560812
1642042
6738623
3256732
8557051
5942307
2323182
9172947
1262659
9233927
2070207
5912519
8476303
9815533
9418043
5827448
8353299
7683555
7464876
6761258
5661779
1403644
1333791
6066554
2985819
1570414
3200711
1618114
6625600
5455852
6835767
7916401
9347342
8807883
5143939
343493
4462350
7080351
2567374
5316460
4041150
3499986
5283061
207912
6228289
2027493
4355859
1879300
6260042
1790990
1987362
2690005
6674523
1524893
1722258
3268067
8520643
2667362
6454461
1694576
3682187
5540961
5829664
16974
9348948
6820272
3051182
1659645
3724541
5618653
5813367
1712519
2334791
2344031
1173679
981331
5622193
2035873
3493781
4494956
8403426
6769723
6796353
7721975
4229005
6021627
1032497
9289987
9424090
2345871
9990851
8007067
9790131
7880862
2155810
4772744
7838947
6796021
9179400
2994781
1632381
5541360
6273630
1181505
9168151
6502208
173938
9469778
8996185
4951698
1675219
3009831
3550222
1843409
5471841
9747165
3827675
7758094
7659786
4856170
7491764
7320824
7968131
3141646
9840462
4746471
5119495
1430932
5301041
1104841
5115767
9096126
7516246
7550711
7408286
5858936
5726926
2546722
1820408
1801344
7989768
4394616
7926939
4330371
5000606
1639764
7296444
5874307
541618
5269494
1099801
5051924
6709048
3488084
1981532
1116114
9888062
7447659
1525400
8162253
6488725
8274119
1266416
2536269
8798878
5420373
3254649
4134392
722456
7063994
6957255
5135242
4382554
6864354
194110
4208265
118411
1115874
5199013
1567535
3650773
8344872
4256722
3232223
8168369
6116220
5757956
7992759
4933653
9956492
9642209
2583887
6433522
6771425
4944107
9729748
3082419
8632821
3953625
6051086
8822630
9542738
258269
3186540
7762613
3094234
6853132
845688
5980730
3355566
8013123
8384580
9737830
4248581
8228352
2746926
1002397
3016214
6717856
882065
680320
1768433
3063438
7804528
1609503
9998916
5605662
7569237
8133653
8987668
3353852
6346609
4107524
6392814
50992
3991842
6640367
1646301
8909474
5890933
1432859
8229404
8334499
997017
1658144
4668692
4576897
9114629
3485219
5229637
2513434
4912550
9135098
527187
6051042
5892959
1530840
5537999
2366536
9648252
7272355
7420955
8340541
3508192
9867973
5078630
2193315
7488352
421864
7997042
648525
4463413
2562047
7340406
333615
5555312
2800883
8271577
570696
2007424
5741079
5791548
3059608
6904694
6731139
9471872
4824779
1872533
5439092
5679238
3982049
195302
7260699
881411
883210
2028847
9738855
4479367
3424103
4896022
9814446
2890328
2796775
2486010
9176693
9725495
9194753
7848698
5212723
2880812
2323450
4734104
1436214
922788
6412898
214744
4532118
7938227
6197725
9663713
3345306
783135
2739501
8463170
2276144
7564879
2162485
5222744
5052874
7362245
5072549
357092
5075133
5894233
5740363
4252444
8723726
3534231
3989818
8628003
8954710
7802810
3122741
6760630
522264
4416054
7706677
1149535
1204087
408560
1638790
923962
1974961
4609781
9026340
7775205
1137600
5098229
1753612
6766956
6530815
401323
1340949
731738
1710425
887521
596110
7985247
5980628
5387434
4028278
8137700
4493883
388218
5029030
4202376
9191968
9606515
1130054
9369663
3884563
5126519
9051374
9785215
63419
7561070
5161376
8890732
749598
1418198
8217500
6214942
9524433
6753462
2213475
6752564
8626457
4932150
1717324
4762929
6044093
9728744
6880475
5905726
315848
3222528
8418286
595966
8605041
1934151
2184408
3763796
5383840
10295
5500563
1774400
5775549
5556098
5274757
302302
4005305
3772249
9639531
3941042
1409380
3084921
9618948
2174169
5248044
4362347
5858919
4102242
2551632
4671909
9758023
933444
2840713
7434162
474478
7302760
5394721
6198267
4745490
2613131
8313520
9185187
5592096
3102240
4721901
7224216
6990702
9726082
9332199
8871850
6845482
272246
7227455
5442648
1434131
8568768
1177061
8820978
4176775
4721763
8231856
2702913
8112547
9226744
5306911
2941986
355453
5040958
1087918
1043240
2036098
4500939
297146
2835133
8312279
7691532
668509
9215835
4015673
2617387
8949135
6485212
7213368
6490763
3615168
2000737
7052876
5213563
6021537
6588256
3590584
2418480
9040189
2650189
792887
1679215
6382546
7988151
9965453
2342651
3218426
1779236
1563086
3102609
7099077
1149600
7980163
9983178
6436557
7048877
7497574
1545934
4825302
2003455
4260704
6394937
9761234
3584423
6925771
2643633
3682573
7785254
1842159
3570038
3412015
5562015
72349
8927242
362085
3113578
1308905
2243569
6394976
4145663
7096892
1091221
3158789
7307399
7014355
8020240
5003068
1841043
903057
3500758
8688343
5599878
926808
7420113
9658325
9914403
1640938
5480667
1458879
9845646
7258399
8594912
2994354
561631
8093058
5492392
3947183
8725702
8356168
8022942
6436678
7440549
2431013
1496074
9059050
2132050
1914671
8439406
9169446
3797970
1538032
6533502
5157638
163342
6758420
8653363
4123119
5737800
3881261
5275991
568410
1691093
7614511
2762431
2120950
7707108
6921511
5218225
3272733
994774
7674000
4363017
2486683
1498475
5367748
2683467
2459923
4700130
7318184
8762916
6544830
8883303
8027719
9055726
6977315
7325817
4867291
1120043
6631630
3210551
1429765
1342143
6557723
6099496
8532680
1705894
7563808
2712465
6668116
7834971
9213257
4509702
4492621
8425341
3206563
461247
5552178
7453692
9788412
3868513
1812734
5267166
6031652
9457748
8359807
6544793
4349514
3858816
1620086
4653011
6815339
7991742
8042621
328049
1127862
4537116
9096998
9405819
9011405
3259534
2360937
5852737
1529126
787670
1939101
1945005
1531558
1318647
5913407
1749894
288368
9680121
5983097
1180011
2142157
5614106
1951776
9501929
7536425
1005364
4202014
5679243
5523738
8317870
9147253
1481406
3156660
6879464
2391075
1008288
3988999
4296087
222125
8710355
8915736
612620
1471297
4709122
8640703
4572043
761403
9786877
7758879
4466364
2727276
2045133
8718792
6914056
1229180
4551357
7314174
9510353
5247199
3690457
7867589
5743975
7443610
3425123
8323004
2967393
7948476
9726698
6028350
5666136
2419194
9055681
8887005
3599924
8955301
9977126
2331816
6502473
7192990
4507630
9704642
4179650
5437935
3676114
6944913
9978607
9280522
4842037
5967539
8229716
4557149
7724968
9842242
7543207
4908089
4483581
6759257
9797729
9634899
1717545
9776285
3300551
6578292
7306223
4603902
3594955
8507284
7043947
2792714
6106200
7368260
7947079
3285699
4809040
3232123
2492316
3242701
285082
2287428
5703087
143104
7598986
4959211
5598759
8422777
8092062
7827109
489710
5346246
3796370
847424
2853174
8411957
3804925
3904535
9761196
5276938
207124
574612
812476
6719319
6980263
9199889
869249
1586904
5808619
6167781
2763367
6311966
4531982
5794663
4302342
2069011
2839648
2911908
2461175
5202879
6807999
9172301
960643
1443788
7102096
2661935
3976486
8641662
5687892
7328461
6556228
9944768
5968612
4729282
5167917
2339832
2325236
7823999
7751988
8081283
7810801
402450
9650703
4727772
9260917
5186281
824434
3481834
4528865
9842052
9549191
9891008
568860
3712552
562578
6853878
3549238
4124965
7250035
5393593
267979
1694862
8860378
7874844
5395141
5780396
6836950
5703655
9089445
4801420
3525554
9139877
4535841
4400596
1902362
2853536
651168
693989
332154
5879734
2903166
8116141
6903402
2840033
3011431
5287080
3420681
887129
7389858
7678694
9284976
9599884
293629
2801636
5457626
4251159
8383421
321492
8647699
9794658
7753621
7901570
844043
7420848
1408904
1822
6037277
9948900
7331792
9616072
1158149
9864491
6326013
624180
2246912
322709
22771
464360
4862064
1604918
1741143
2808135
7794164
8600545
3554663
7822512
1032991
4157755
6116425
6246642
6828374
4409667
3013608
6569685
1871381
4943322
931695
9508461
7756374
6286686
9832037
5101196
6784851
1133821
6698787
7020657
9531070
4698280
2988372
8361041
6400076
2168462
8916884
9590793
1082161
3679681
1352552
9085357
7958784
9851626
5604501
2518444
3530431
850646
3150399
3208553
1175789
8524291
7372209
6356175
5932638
5123615
3325979
5994760
3088578
5336545
5169806
3026838
6808509
4964897
2360080
8899248
3416665
686693
5913076
1972666
9690126
7617165
5957755
2488744
2897691
3017770
6749748
4520262
5580077
6085098
4987685
2621772
4157336
1939044
9385596
2899196
7832625
2244691
3463333
4045528
943156
1902395
9744346
4752114
503925
6551818
34315
3230612
4324832
1616383
5693322
6580526
7758641
3458767
3562978
3296998
7598572
2027563
4227325
2954415
6012191
7347270
2354807
5931315
3301560
8937900
7996198
4186936
3334219
9535744
9195066
2510254
1367709
6784528
9824115
3873459
8069774
6866561
530787
2694002
7111067
9768672
7259311
2495230
3917938
3917482
7381590
8439645
3725548
2079234
9219015
4005102
4049233
8672970
5339022
8719585
7795085
4096094
7227687
7651615
3774153
5212451
9727903
1484663
8099223
5661530
4337153
5240146
5431580
9437584
9218324
5296681
5660331
8182830
569824
8362396
4583209
6326015
1107824
6297843
1799578
6772937
9780944
9083850
6914928
3572272
3838217
6996417
6995220
2084754
716982
6405502
1257285
2088916
3890223
4472618
8180903
1155381
2712624
5092664
5049172
8775059
1590892
5033624
5942471
7974836
3662006
1845725
7906056
560418
6666548
2288677
9300186
5622050
9805
8293546
8907047
5760140
1192869
892715
380446
6507342
6787732
4125518
7040300
8192467
6515092
3101527
594969
7909811
7535978
8613244
9735675
9698570
9060068
1925588
1549730
4022074
4773194
2775233
7702956
337827
7545118
5966915
9590924
7454223
9197689
8217344
8006936
3858346
5999978
2471817
396136
7554296
9368517
9534846
1533197
2336610
8561708
794149
9682790
8268138
7377914
7378691
8607669
6486846
7918047
6105049
6206941
6172677
7653893
6514585
5826551
1071666
5755297
8950356
7940762
2513183
6950982
9256151
3309349
413823
980706
6530998
5159431
3776270
5406256
165993
5709747
6474127
2842833
7065937
567974
5414518
7846997
2597525
1767366
1908807
7599746
3542342
3462243
4115374
5279242
8886491
8159501
3256996
7220929
6802539
2865948
6575919
3221892
1504795
7686709
9982880
5008344
5083137
4412319
7043627
6197886
5513352
1312288
2341721
7491888
5869341
373154
1762476
5323960
6171264
3684219
9238621
4023159
9236903
1206267
9384135
7605106
8499404
3753353
3300311
1419228
333037
3773563
8077714
3459873
4366027
610724
9961181
3721456
9063338
2978157
7884664
5805933
8796660
2106169
6312220
268034
4825852
5301066
4141071
123217
3025251
7920331
6360159
8342280
9450167
5482216
6143939
4972576
4036436
3147633
7153534
8113193
7985898
977372
7189775
5230032
2536104
7306063
5005287
2682107
2681075
4661657
5110089
8790062
1843405
6395414
666817
6416847
9481159
9585790
7210588
7443905
7326729
9036003
8922127
5917869
3739247
8618938
3492474
7981055
7661017
9625424
3715189
9432023
998332
77912
9412866
9863027
8176912
9785122
9846017
445008
8584813
894932
6066951
3341790
9908313
4924635
5356554
6075074
5614012
6221138
9671943
7468736
4207630
7194663
7065841
3770177
8819055
3327997
9013514
4132442
5348757
7084203
3068436
8291290
2456016
2653338
780403
4908668
8827661
5253692
7775461
485001
3733108
2106543
1534057
5253476
2158231
4058341
5816159
3025435
668298
8766456
2723964
7530783
1484890
6000743
4234928
515838
2888064
5021040
5029851
9491431
9644486
5350536
8938769
265402
9012361
5763367
9982269
3592380
7460946
7392299
9014030
2100952
3971257
9962446
236075
7950829
5669150
1204455
6748508
7423453
4205587
6428610
8228196
2149557
4261604
6448691
693597
4062736
1929405
9704472
2223317
5661692
9733310
460056
6112718
4882378
4623702
8855919
2960353
3071322
3730561
3182372
6665010
3511059
555778
5337288
6093498
4575400
1781132
1349479
7315445
5599106
4521747
8911984
4219786
3012605
3628721
7324167
9289023
1048070
485325
3789675
276537
1486733
2767484
1731703
3345176
9469667
5609565
6436197
9694167
8627255
6477006
7037994
3148010
1648791
1864574
1211053
9494449
6611271
7822658
7079898
2170225
2349508
1594619
9814444
8974323
7269785
1822489
762970
2208228
7012184
6670377
5927519
6852814
2939466
823940
7064305
2926426
4620705
6356189
8970282
7848835
988199
5694225
6393675
4048694
8287232
1131008
5603241
9332658
1309055
8804601
7171152
9928724
3276677
1852788
5810969
9847497
9296420
1935592
9883768
4849231
4018771
1207218
4194244
5043837
5983168
4020668
3852311
1707644
6100912
9738288
8965041
1763235
6600611
8745441
6032916
7060316
3050192
8340663
6735133
4778512
9159186
7719242
9400206
3823324
6033194
6157787
307328
6348060
6868185
4520451
6904982
1170022
1476438
3552875
2285322
9041018
3264457
5061608
9278701
7560065
9603159
321889
5416816
368303
1912477
8590318
6862562
1623232
2205608
9379348
2745986
1052571
4516174
9033961
3491601
4580697
4783596
1748155
4623907
8437054
545631
380234
9648449
6451543
2586163
3346918
1817759
7882603
6434719
531355
6726737
3158506
9639736
2106124
8522710
7820050
8061672
4359825
567673
4317179
7127626
9373038
7598058
3871644
935330
3776968
894714
5536270
1785404
5267897
6381042
4087937
1873728
7017358
2163161
3988871
7748017
9106975
3165797
3132166
9568360
2882513
8812745
3998449
558407
4154077
2558629
6553219
3804961
193553
6470680
9354168
8818294
8717228
3844385
2497161
1868905
2616539
6490281
8261040
6995793
2498537
6437868
5325962
6431321
343817
320130
1971897
8121405
7660413
567731
1323376
5448577
4690937
7299234
1003479
7487192
9474149
1444057
2791486
5315775
5664059
6357067
3322739
6969491
5124448
1914949
1217231
259338
8599459
7058962
4372054
784964
6252519
5121402
9448428
9042985
6503884
263795
9055568
1755577
7846501
754117
2152863
1384417
4026556
7962225
8799415
8132273
3236562
8254771
1386722
2319583
6163684
2485431
2997267
348624
4943062
4301252
3595099
7504837
4818256
2846057
4988948
9371096
3166970
7881864
6102520
3202699
5109486
8190463
5851667
9836551
7977115
9882374
268325
3276344
6078333
6452146
9518695
4129355
1555122
3709673
148702
1899654
7189513
6753048
3751587
8581441
6206932
4699332
7966021
1551539
258111
7637913
7285246
2256683
6516862
4761715
7479778
1750377
687089
907477
602803
3207498
7173840
8804825
1508370
1625235
6898601
3117715
4956477
5409169
3552360
9325000
8308028
4740079
4382564
1809824
5450859
2091877
2918844
7388733
8657253
5660080
3915168
2988431
5171668
6458940
9981049
630785
9138748
5565840
6202464
427651
3694872
9774927
3648106
3545455
5855448
6455722
7575472
3363755
243907
5023398
3019370
9196580
3043986
684108
8397858
7746978
1223099
3548952
2746913
9643473
5077814
5734686
9637664
3885276
975144
9816757
9383075
121174
4042158
7458773
3063385
6731935
5343227
5164040
2945650
7531856
526148
4637779
2259273
1356196
3174715
610313
6977145
6874379
4055917
6018965
49406
7157559
7292762
9863774
4349922
8309136
3687687
1338213
864287
1938306
5561684
9859738
4179602
5553963
9980573
3362987
631175
4054693
651701
3467949
5496369
830009
3380931
4476247
426827
1580551
7148354
8157836
4947104
9089729
5488630
2307351
9150811
5069760
8426792
5471824
5789170
9075181
1669700
9337182
7406444
156710
1306505
8805969
8556263
3892710
7150057
9105354
1029431
8021810
8313969
5549092
3861899
3554585
8589674
3351559
5904135
2847393
7520331
387888
7956880
4753782
1938214
9647883
568994
6052728
6235708
2539432
3369430
1261124
3603831
962510
8733678
739111
3364771
3661122
9537484
3764359
4700194
9296026
3460991
5521437
1218468
842582
4211888
8371481
2831515
3770823
3826182
8857193
8505128
198913
3455451
2714287
8524131
1764514
1771971
1750924
6943687
6158104
9212487
2770857
3461779
2634248
6216159
5713742
5280714
1391164
4151843
371640
2939586
7405725
427902
3236045
1650851
3947544
5959601
2625415
8358082
1004245
2696551
6661561
6571276
4526481
5137648
2585036
7561795
8916101
8425737
4124593
3459657
4039082
9555354
4356345
2876790
71655
2358774
8330751
3156636
2462803
4088377
3702827
5829449
9396123
7998034
1261085
5513348
8648246
9818387
2873297
8431649
3974544
2969987
8079295
4434258
2558011
1025982
478735
2576372
6951164
2274779
5043104
193949
915797
1704632
9117341
9064439
2163415
5218152
1443235
1765562
957084
864782
3473458
6924308
7870938
5208100
4772533
420479
8753733
2237468
2859077
5261745
7506937
7290262
7843301
6682781
7171166
2312003
9659403
5421996
9770685
5559518
3635436
1941321
2533744
7090730
2192697
2927068
706510
6530448
4068079
6784703
3115550
1340817
2111416
7975449
3498639
5823283
717224
6322021
7908388
4928541
9180758
6991712
2266681
356475
7580793
5405700
1804662
7043149
3979883
4740729
5540036
3304087
3062937
2420059
1379353
4556415
7561042
3559762
7190374
9007014
3038118
778945
2033610
4674658
8127336
3454960
3800116
7949594
2882327
2792071
3535073
9797879
1145810
3175682
6368269
3357282
1078012
9848948
8187057
1879100
7769788
5109520
7910140
7006890
3137147
5121908
7089632
6349157
5126614
7721927
3416732
1235423
4627846
8249197
9341944
9575218
559667
64594
4720003
6331543
1933663
5733949
578381
2211712
3037781
1072725
9952596
5170286
6290652
4291089
4256730
3658813
8086115
7340749
2407139
723300
816264
5356486
3214520
3532191
506831
4075313
5364500
9602569
8588930
513871
844578
2214035
9835295
1526377
3784979
638913
6060596
1760933
3964980
4724827
8884982
6965053
437093
7397502
8548569
1690027
8432772
3378175
4264171
601869
7371639
920979
6223503
4282549
2585196
5312339
458462
6104476
894330
4292752
1175737
5961056
1712483
6263257
1950915
9231611
5394462
1519945
3405707
4947397
2329396
8068925
1099683
6404075
9097887
9613431
3484875
7697135
8372213
5114695
6792626
5398460
2002871
8001113
5065746
9709424
6492328
332703
4627399
304403
4814159
902829
2219541
6884786
4635315
9237505
9546428
2185477
9278615
4226120
327866
6328981
5162997
4529752
4235517
6534972
2862252
9177206
6000170
3692132
1782679
2391146
5536326
887085
4685653
1993514
6988780
6040983
5510082
657962
6628294
5419954
177633
3038703
6458394
7623993
2452752
1878690
7953951
6695927
7109462
6498003
3951821
8442436
7191403
4733278
9662755
1980329
7070040
8221198
4408386
1286194
4273623
1476108
7135363
1739076
939816
641806
8755778
7757818
3409634
718030
2770959
9187402
4576887
9530311
6811753
9286254
6444366
8810679
8290807
7420194
8328636
6453721
7460178
2547578
5522354
510316
2929146
6710993
2439632
5622826
1466523
4420989
4542142
6648442
4893816
6807629
5011363
982758
7691832
3686569
2133040
9112040
510722
5189007
5250075
1207996
1107880
4501807
4992436
7966007
9281077
9078855
7281585
6063583
7181165
51340
4642314
1143365
984063
7929731
4922963
9339569
9555774
1910372
1016216
8373533
9481179
8152272
8531623
979328
1315667
3737229
8885507
5558687
4329215
6417634
995228
3604699
359180
3931169
7926385
6209007
9982984
4952674
3310324
1092049
8198964
1757269
9212779
4322192
9781416
4561066
9481294
3630885
4585852
6648325
1076423
9092269
1712069
4905623
2798285
4687201
5766554
8653602
1914716
555583
2092118
1775992
6032013
1018358
9059876
5465572
3552273
575583
2480511
988775
7704265
9417190
1632589
7197737
2541907
6280498
9373101
4766860
4647469
1628574
6642058
4521365
3021011
6923087
4982288
4381548
1445674
7958302
6303169
6496893
2377922
6880887
6425706
1851458
3610248
696568
2150700
1896924
8725040
2263818
8689079
6323583
8710616
3312207
3318897
5653777
4844266
7458533
4567707
2640326
5639814
4753978
795672
1390568
3399061
608479
3349096
2795236
1544966
4456995
2653337
7139987
3393245
6844342
9376244
9811901
571645
1325683
6899247
1527787
6160099
3112867
808012
5586273
2396769
8287816
5020825
6075409
6711596
6835323
2033854
6052249
9660590
2383042
4158659
2136516
9056224
8884678
9566505
338975
2325391
3953533
3667566
4526172
3878015
4458705
3856331
2274697
7095054
4043587
634678
9729476
5119142
4895644
9626961
6589201
1833107
9165187
2149536
5779867
3124717
9343716
2030002
7872816
254520
8267500
4744186
1463789
7457269
1479872
6943572
5490719
1727842
836627
4559846
8837302
8700846
1497294
7467408
5443792
7704148
2419351
620483
5080089
827421
1731425
2875513
7023621
6733945
7924929
766807
5160489
5816695
6358057
6056039
7512086
2927390
1365730
5805235
8186656
4693313
1880170
779203
8264435
8668788
6381932
546492
2903362
7060471
3860841
4976402
9018943
4132517
6640550
6198791
7281365
9107135
5072564
8403375
8771112
903857
8037410
367309
7692656
5320348
1770786
7253220
2395033
7392601
9637375
1325193
1120650
4343409
9203084
2229582
5094123
2834439
4753373
4389118
956372
2122011
7288038
1246345
966442
2482911
8495767
2509135
3761758
5650391
9740129
5653453
7996847
6816723
8460170
9909598
1283951
6617334
9348127
3071268
1040548
5533941
485619
5883830
9790597
7013882
1450846
9258829
393072
5666710
3692336
9749586
2781567
2749193
4251235
5747064
833839
907558
2998264
8460116
103449
7352095
4966568
6515398
1687597
745405
8626339
9338189
8853807
8299916
9966102
3940308
7931213
1071298
5656184
9345601
9043697
9437554
3426351
7214851
4556772
3999631
4916015
5758552
8623762
9034225
8157893
6798687
4491042
906839
5856144
5862196
5021427
5620922
7790967
4345981
1591926
6425351
3261343
6362154
3164507
3708958
9533293
3396306
8193708
4542456
84453
3304431
8215644
2529496
3947839
8250227
3619143
4389418
3687148
1628433
9944422
6731205
8138422
7029191
6686374
6302044
1368405
177956
2261623
1605165
9648529
9502
4225864
3825258
214995
2951715
4390707
3702278
8272938
9162357
7641669
1010978
1916593
1467768
2772480
348058
5022456
7885220
5055721
4343156
2175164
246790
4790583
5360418
7740977
5152874
8953004
8273342
6408302
5717023
5146201
7082189
4699753
7837651
9329612
3520927
2690050
5638206
9784313
4547330
481609
9153914
4856093
8024904
8454195
7649041
1706681
5989103
818666
8910005
1570786
9293831
3769173
7943868
1262687
1503642
2017831
6506047
5907370
7073803
9967523
8636864
6647890
1827828
5497617
3807096
7730889
3163025
2337305
3102662
5964183
9066210
522497
2879440
5300765
9113930
9699210
2669987
9011647
6996617
3304875
8024695
5033751
7414656
3776170
4042143
3308775
9936709
7957652
1359467
4377260
5956762
7815703
641709
1810082
3849058
8809341
4246234
9112582
9923536
3248133
9636071
1624743
7371601
9449570
588545
6929249
7321750
2843079
843093
7884759
4438426
6784737
6261644
8800361
4051598
6001234
2631111
7703100
7688638
3075539
3795898
8849694
8262595
4874085
9181219
7507261
4685845
9722355
416820
5345409
7824049
6058842
9240462
9935710
7135347
4427203
7860430
4079521
8811004
5401560
5835293
2515265
1908680
8202147
1814979
1634380
6551379
28329
9552382
8710522
5173932
7661621
151745
5144527
3643733
367953
504011
1705091
7314564
6113150
9114959
4878877
9494666
181902
1001924
8426495
5491745
2557287
3277627
7446822
8599952
8712871
4559232
6200076
9466522
6958433
4877451
2002599
4046422
9413633
5802978
9365242
5691260
3531382
9621838
9144674
8064915
9832109
3050797
171189
6418806
3489304
1371442
5222152
6529119
9722809
8817191
6991339
8662181
8482493
1493202
7374967
2921968
2921875
9405077
7841340
9522532
3320229
4069395
4830302
7562357
2012343
8421828
2172371
1625823
2284822
9960317
6062308
6021697
5637515
4367904
4707367
7668894
4377673
5385115
1807740
7266312
2466170
8540291
7985953
3770331
9573407
9657388
3710801
1240517
6974613
7721759
6175986
8738894
5343488
7064013
7553988
9807940
7628149
155244
5390991
9440564
666372
6459628
3909208
5403256
8904472
4013598
9033511
3025668
2490131
3275872
7683203
8807678
2797062
9758832
4455366
9403749
113453
7844944
7099296
8179977
6617830
8933095
2673686
8351581
2343907
1251281
5757404
1000434
1516504
5223972
3013042
6224041
4882255
4438623
8852329
795890
3889637
1176225
1120960
7763630
4544338
9839628
5024250
205538
1644160
9446117
8266525
3778695
922297
773525
4784391
4218419
3449688
5715689
516573
3655597
7219438
473411
2787831
5447520
1037329
9478993
6708285
8341245
8115191
8259376
5378036
7832388
4754705
5897683
4945518
3487409
4320217
2893998
6255502
5042298
2575744
4732095
1558072
2505118
8566898
7934686
8751903
5597234
3649544
6148730
262052
8769697
3235089
1437666
599122
268069
6227241
2433961
8215475
5769405
4631760
1213812
3609417
7419921
5598669
3878277
2401390
1092052
3622561
2441154
8581354
2675389
8769677
3070674
160376
8061447
5613305
4781814
2955897
1304060
1617889
8891292
200515
8821370
1915013
4341389
9279403
7655585
4424272
3919092
8471786
2552367
4446957
4440442
316698
1184462
6239880
1951083
6821403
7449269
488248
8633231
4955448
496516
8558564
1342074
6131726
9939206
7212241
4415685
4560336
9951748
5444744
309852
5376351
1739441
3113987
4077645
9597324
5799542
1605432
7678220
1084727
2330227
7902414
8885169
61868
1378108
4918391
2975269
844902
6503522
5008546
9538076
8291163
7822707
7268910
3479850
50262
5662171
9254188
1893094
3362043
5133321
6253383
4648430
9250416
82769
5502740
3133330
7900631
3205715
6741688
7000361
7142584
241792
3085732
8530076
2881479
1065231
9381481
1827080
6175894
3432213
502068
1101266
304352
2143035
6842275
7815714
3339510
5334825
949812
4115790
3534013
6056302
7536327
2396639
4306022
3227556
269092
7424150
6830609
3337188
6428240
9840191
2542246
6094842
3488232
3105465
5224902
4130676
2788383
7908132
7706530
5341992
2884341
1105256
5555505
8877046
5623927
9356271
1346645
9199613
2943711
6116843
3615240
5346296
2093691
2260251
8310544
8510658
9212214
6765584
654576
6778047
1369315
7760500
2496622
3603017
599967
573143
5021354
2393410
6750491
639997
5003219
3726129
3496547
5846064
4679886
9588244
8546062
9445636
6993386
9328805
1164172
6149042
1877191
5160554
8272604
2073138
3172961
2168476
8590443
9117082
8410917
8642542
7802828
9287861
8616665
5088208
8779021
5544656
4712790
892408
5335718
6136815
8506856
7575705
8000504
3843588
9945050
3902441
4558764
1176878
2472970
6368982
4261153
1285927
356373
5049751
1734332
8967993
8660542
8838853
7994096
4099369
2893202
3702118
4105445
6120988
7423930
7861539
5066844
1285519
6718076
4426537
9059212
9940935
2135534
5667947
4336117
8079636
9430991
7437363
5839974
6174493
4710422
725774
8108299
8629177
4195018
93927
1961032
5660088
9744750
7229342
6087097
983841
3769902
3677115
3969397
5767520
3656480
6687437
1509567
7209084
6635523
2441786
8661779
5033239
5972174
2267352
6948971
3169633
9291122
898437
8599562
8527343
2112751
57627
6545652
1696816
1959878
1854240
500148
3573521
2260568
8646121
6051039
4974973
4240745
229105
3775430
6958462
4048187
6116063
2260200
3748898
4820565
3341203
9724325
8911146
7898676
3443825
9184585
4326293
8823095
4578619
5483371
1289258
1546052
6387048
5991633
8065105
3469441
9918962
1275408
9298365
6078185
996316
9076497
1103221
9600787
8893410
9344452
1661671
118345
5764486
6036764
2992501
6919900
4793518
4691188
1550593
5466548
8793182
3667641
5948577
8196267
8084751
7358676
3774988
3030399
4282035
7640373
7779548
6601827
7793151
2772875
2298389
5187179
6688372
4938551
170040
3679232
200513
9415890
6279876
49424
7280216
1223888
7238372
792133
772393
9667584
5233313
5150328
6159233
9165444
7675181
4595505
4654328
902683
3018257
2822017
5444491
9926170
9588474
9930752
5364281
7637966
3084224
5171446
7903300
8013742
1120284
4444344
6769662
7416962
551796
1731053
1754926
2408317
3878235
8139962
1186491
5987830
7354612
6626236
8856533
2859875
5176322
3690806
2060957
2080907
7068256
8677702
8097904
3151085
7450728
1728714
1062553
2182196
7768877
1410537
9170873
3915207
1830708
4808995
6738359
3562631
8080563
7056899
3620576
412489
5129584
3644174
4628238
6889572
1562245
3811440
87153
4293890
4162761
5612202
1823326
7105666
29412
2293555
5440968
3480081
7515876
6938026
2230025
2491788
8382137
2568844
2671486
4719004
9689021
8934774
3577810
16589
1718053
4423318
3723843
787538
6167436
4180529
8364321
3604745
9009548
3529953
2835637
1260280
621553
3212440
7791712
6687468
9079855
4575525
7381256
2349226
1520978
6068142
2949061
9871386
2594399
7239695
7237705
6533681
7944925
89867
4552727
5512559
5344536
1192846
2238900
4536913
8814701
435698
135786
161715
2588357
2545792
1741451
3235408
2192419
8199111
2627703
4127222
1658769
5989448
4692827
3899908
1612623
131512
5030364
6113544
2144140
5879890
2544180
4399998
373865
9902454
1635439
3306908
7295618
4450530
7007835
6621824
6146267
7180437
2422635
3521417
3611471
2271481
9033346
7853339
1937347
4617682
9827593
4392028
5824749
4591288
5395976
8200175
6781132
4825245
6334155
5473860
9221501
4223735
1658256
5237238
8238889
8041026
7689544
1160118
8020807
5104848
1407271
1911647
331555
9188814
1781227
9095928
7173372
4565937
4252892
4759237
4579445
7031879
3927234
8457000
1602507
2156176
3811528
6397213
2988823
6935983
7043474
2585421
4165316
237167
9078531
3435286
2896204
896345
1989080
1550088
8278297
1319209
4387806
7890219
1373216
6059224
2818318
2992859
9974123
1370320
7113773
8275715
3783679
4623710
989070
9925758
5633435
7235145
7702455
6311589
9141765
442231
4505804
6589515
9908638
8487814
962344
9400412
8723579
7663200
2185136
7520789
4233433
9207836
3025130
2898027
980160
5335698
3839800
1543782
3262737
4176797
6950735
8178007
8889572
1370200
2349433
2112382
2764172
6307183
4377688
3178728
2455890
8757025
4844500
3065272
6483423
822848
855263
8416354
2797629
8196090
6519995
6384978
7998851
9783573
8664233
5877810
6049053
5621568
9016928
4068551
4978987
9024268
7811637
2174020
2128597
3421566
6087275
9053282
7707703
9420016
5773646
8302056
7479169
9362138
2183450
1366778
817669
8842664
8373256
6428275
5412445
212590
8098238
9869106
7356105
8706938
1235526
997871
2927471
8520863
6047547
4280614
4277764
4385071
7539000
2929407
912035
5032395
5693155
4911206
655957
6217720
2428865
5713640
5419208
9484780
3484921
2422421
5450018
2950655
7541164
7258184
5087827
9158339
7315384
410713
7351281
4347117
7863889
3138235
9785039
4283725
9762550
9585823
454401
8906442
3770826
2585399
5741266
4079417
5427500
3880199
8829211
3438082
7510598
5817570
4318810
8175353
2573126
2733251
9337241
2488588
9992227
1702581
4604548
5846686
6962828
6862021
2656962
5368832
8416426
919740
7542148
3332411
4073886
2198737
8500089
7910529
2898076
5080097
8036937
2298292
5062436
4411136
3165263
6906818
4912641
6350618
2546463
5968598
7052151
2009498
136782
4744680
5784489
1247167
5977377
8024415
7935486
7790205
8448197
8594197
6633606
8574816
981663
6375472
5286325
5858218
5399448
8364793
4089110
7379992
208365
235966
6818776
1865791
8471885
7496533
2145598
3117738
5370309
1931506
543051
432980
3000252
9153207
8909783
4207514
4160124
6405627
1533546
8922656
8863069
2833350
4755612
8492818
1494761
6560443
8814440
2415544
7192860
4220142
7321079
2749683
7139734
5512167
9175229
6207792
3867339
4683293
9246547
3530995
679105
4901979
7335173
3348834
205249
5007144
6457509
6844622
5995177
4299583
159249
7321083
177572
7823968
1151129
4745111
9153573
1496519
6561189
1540590
960183
3418684
1577328
8626133
8635239
3509095
4283393
8918458
3131452
5401846
5707729
2507242
6514846
6067030
5676463
7795406
7837088
8887084
7293947
7328558
9952831
3285730
4125773
4871690
1815431
3812853
9655818
7650877
5347888
8653188
391955
5808375
9761345
6187305
1561863
4337406
3327049
2390413
4617573
7612530
7277851
6233310
7622068
6016732
9520082
8971559
8096996
8156236
4971159
5599068
6889345
6089998
8468768
4003450
9025991
967053
9366015
7762623
6231960
9555355
855470
5110895
3785906
3076681
9198669
8729019
8134017
390932
8672227
7191173
4990831
9994167
5307222
7621726
3720591
8709433
5828051
8270607
5017761
8193330
135650
1058754
6285743
9586987
8393814
5544816
8863045
4969831
4546611
8550431
4688440
5387746
3244222
2537787
4995099
3367195
7811074
3087898
1930098
7120078
5812790
642382
8197165
8264742
5091348
9690196
3387128
1782333
9349985
4669448
6680942
2133726
2945572
8550897
642465
9555760
9440101
6395105
5647546
1066066
703049
4325787
1834359
5491011
5985155
8809343
5707174
2000260
6545328
6194080
7219022
6955664
7971996
3352946
7233207
7302271
4351915
5531006
2016608
9515385
7665369
6069013
2102765
6342245
9454834
8752913
6264196
7805510
35704
5364412
872789
5575833
8839435
2827083
2879947
1069112
9691384
1268898
8521618
4202529
9586856
4888857
9024732
6050563
184513
2186247
3056003
2523819
9984387
8508296
2494200
5143980
2859706
5213282
4378361
6520530
2659473
4226527
2158084
6621194
4637394
8294341
9804000
5881205
2623618
9368707
6414548
4384209
8818504
2526134
1068871
6949571
7990180
5190975
5373271
8251055
6924925
1320654
7668249
2024033
5195566
3850490
2653685
7835971
446630
4712515
4771075
6258806
7993305
2347171
8552345
3907590
1737101
6985489
8130426
9990968
8271010
7998416
6248187
9357586
799015
1103277
8552390
1081256
3140551
6949683
9812777
4080741
8706649
3477942
9410691
2343465
8647400
1499443
4286307
3693984
4058842
8542907
3281661
3108389
7706416
8363514
334134
5579377
9503417
1903768
1240839
7219839
2681904
1332202
871580
8368112
2772098
9232618
375737
4909030
4483636
7051663
9569736
5308535
262713
2241942
1174064
3361327
3806701
7802561
528648
1229781
1318829
8654112
2028804
7382924
403727
4712143
1987281
7994478
7056272
3451778
2113208
7792640
3431895
5603494
6741279
3220583
7136918
4250879
4227856
1239363
7103911
6936547
7698165
6473182
8164222
7730477
1262245
5850378
3230416
2207073
5876638
900705
7122374
9275667
8666066
2020972
1737073
9198749
9982793
2039182
322451
2908353
212908
6388511
7622597
1156206
5392816
7695883
1611957
2981499
5174528
763219
7159300
1561138
9319876
7348744
623627
2376515
1893301
821737
3535406
2743689
5399533
1260506
175594
7197873
7554562
7820869
9116899
1171817
5795817
6796212
6866190
7376931
9994602
9734823
414357
8917097
5473916
3052259
5819040
2476690
4555506
3276782
5387475
5048609
3458985
5614061
1519901
734578
9745626
7402303
9585495
620197
5167107
8135721
6357977
1976920
6071062
4395149
1961780
63756
2369575
4789930
9642610
8491568
6104212
5874714
3488618
4035743
6431514
9029549
9479041
4665136
9549316
3684965
6011726
5501222
3929869
6660147
3074770
723862
1643477
9225114
4033467
1750744
9138779
9517896
7927712
4939856
4644805
2084782
7163306
70236
805502
9348690
9126792
4529584
2804821
2297883
6158404
1648421
4975618
2326874
1529582
3774645
3272448
4685518
9140711
2691317
3258164
6776241
1008250
2443793
3284457
4290578
6221977
8106668
5647036
3669578
3491306
6314695
5819759
4048575
8075299
122322
7955707
7375969
8493871
8822375
8269263
8409280
1544014
3188502
4335706
8788774
5157084
3467259
5393802
4843631
9166227
5229218
5409964
1218470
2913106
3147757
2423865
3881139
9833133
5745908
3230114
4592885
9612523
1524884
914364
3547686
1567557
4238333
7836308
9792928
5798332
5986579
4649708
2174647
9354321
5269043
1386294
1661530
9574566
2173710
684578
8168945
2124288
7799479
9365391
7820718
731697
2388050
3900976
2601054
9401193
5034926
5181724
6629967
5744094
4835227
8097275
2484000
1593614
9809055
4626751
7666929
6616968
7071013
5830510
134811
4758869
3085893
1223861
3395007
6126803
2768249
9963383
2654179
2369060
7124728
4322760
6773185
7363403
938885
9861032
1362370
3263207
8530662
9016549
8073009
6981164
2912119
9502840
8128841
7688470
2927349
523920
8042040
2123782
7322112
8271456
9301249
2388817
3366567
2563446
1981221
3101310
7937161
7214528
2183508
160079
4449896
9855426
6494731
1003574
5428978
7253041
461275
7353475
1313726
9615345
1723549
1742549
9826701
5937941
1209426
5470534
9407894
7367440
2322391
3952088
2414881
7999223
6790923
6263140
2337419
4426482
5279000
4623371
7991883
316798
3700172
1771487
6646950
7210118
7341446
8031696
8939910
6484107
1055016
279221
4919806
2392828
7910326
8648469
8288811
2188041
6431420
5257424
58183
1392515
5979981
1160304
8357114
4579170
7427672
9745169
3147262
4541592
2692187
3450457
9348888
3086253
8104381
2627520
58560
9324025
9786928
9095532
1858107
9047730
3618827
4914255
7840248
6049328
2204744
4372426
6818355
5414749
5471984
4868522
6988018
6153167
9086764
4187513
978342
9705087
2545282
5230469
9855178
4431460
5931677
2450948
1723463
8093119
6655430
1886263
934395
5801176
6820051
4945097
5884649
4133610
6125362
9034920
6315523
2870950
7643567
2658894
7115979
7250984
5833594
410997
3937237
8316970
9127093
8073609
6948522
8597083
1555947
2509276
5560944
7199534
2363359
8860436
101711
8253706
5037572
2214480
9420971
1449874
2082141
5462683
2201516
5989229
6500664
3295232
785565
3366444
609985
1379322
4882752
850292
9090377
4793472
1220222
5413869
3559798
4624514
5767224
5504294
9735365
8483894
37310
7540425
3514341
2470569
5367824
2154103
5822199
9149142
9926677
4449242
4765407
4649595
4462122
6455024
309410
4282945
3829357
8445076
609535
7947905
1385584
236233
9144437
6162625
280847
5641203
3017118
7740560
1406294
7225458
8093633
4379955
5385704
4884901
191949
4193162
9649076
3556479
3233274
5898780
5030552
1418882
6769463
5544477
6058783
4368998
505398
324870
8790059
6934612
8052173
1465746
2901457
3775769
4829783
8474071
9539858
5991813
995106
4031481
2770741
5125565
6633711
4211205
4543536
3243299
1852717
1526584
2075175
2436865
7082899
1530873
933458
9067522
1892246
931146
1986767
1531936
1899516
5826032
407751
5199029
4418398
4773843
3952755
3558681
298281
9554208
3797281
3678403
778071
7862759
7624089
301329
9666015
9853760
8142054
9121064
1135670
4793616
6339139
5601654
9457116
763743
6365645
8628170
953125
272820
5729550
7218513
8039126
8144157
4079744
4791898
4011611
4670819
7679608
2857720
6891589
5412708
2008294
4530235
2542468
7025326
6606273
4543392
6872182
1535617
3029426
7428579
2982900
8813141
8723403
6854416
6303615
2747544
2933207
4858178
2655537
7519695
7800001
1571840
960709
2096995
2388069
4891757
6098503
448263
3951957
9144398
8072338
895621
4744824
5202795
1954284
8920677
4140323
7129007
2226232
3092443
11751
3609021
4398633
1481797
5555715
6156672
823848
8660094
6506177
2879528
7018570
797693
7821000
2194671
5518648
1296039
1833199
5682026
3401427
6904632
619969
954148
3004452
4806424
288354
9576844
4287432
7805650
7462125
6850280
59582
7281125
2384858
8682594
6887494
8437362
3892216
7777677
9963260
1706887
2462655
3067874
9726856
8370565
7164246
2268025
7009184
7327012
377732
8683770
7257770
4360863
5717595
9064797
6593022
6822039
6383155
3214496
871079
3713842
1116758
4878072
5076564
8786194
2141651
2801552
4947529
6497070
5382455
3622224
5593371
5565678
6477135
1443818
1087240
3019284
9961079
7482547
441310
2098942
4562122
3055591
8025983
9640780
4560873
2885976
3267798
4179599
367286
5946728
538549
9550580
3041174
7563487
3120629
519585
2784190
3869681
3643333
6526719
5720056
2337782
67491
7679378
3343941
508835
2067525
4439300
9336303
8367442
8608052
1913825
3902165
1335093
7098709
371325
2888106
3695616
197888
3477132
5295309
3627516
301178
6388434
2792868
3702186
5496572
3641485
9313420
9838847
9912575
8432752
4431966
6649941
7933931
3010043
3665870
9926972
9787071
2220732
7051943
6505140
8983173
6145865
9946975
1434922
9828694
5212284
2754630
4592966
7218552
7084960
6646627
3438136
251842
5971001
5376336
7646256
9282458
4498000
15776
417627
2966196
8619091
4118327
8858740
8735322
2604904
9451681
3278173
1579958
3181180
3025221
8227801
6905514
5541959
5107659
6760062
1556265
3394536
9240245
4071710
241846
7256292
6674969
4817719
6421978
8585709
4044365
4048491
9061904
6091768
1412125
4587656
793051
7785703
217011
1698878
5577527
5278729
9470369
4847626
210113
9463106
7642906
2796002
2081123
1633836
3550801
19295
1891103
7566202
7815610
5316967
5324443
8533489
3156515
9373095
1400485
7773161
4702867
4843746
4073303
4356449
9397716
3997453
2742394
4686614
2583941
5427885
4336646
7718147
1815702
6600438
3754194
5303143
4579761
9744826
5583626
5339952
919399
8692887
2590659
9784732
7610621
8266755
4548215
8417743
2624506
3976510
7677996
6698005
286871
5506819
6810258
5707695
2714622
723139
2775513
9655973
2786434
2648504
5336310
4511719
1174958
4651088
4526893
9490884
6974515
7350987
8067335
4950107
5771845
566455
9027443
5524527
5518726
5280271
1207864
4667038
9040500
19581
1464111
4358692
6336413
2631793
109066
3788072
2146277
6142071
6196443
6157527
3370236
498029
8357562
3921152
9165307
214487
916454
196744
9094683
4246131
2995229
7236760
5977613
6910168
1857701
3751554
210764
3963487
7894829
7258168
9572339
8462151
4275423
6203882
2723606
3072704
502697
8288592
4612053
2421060
249650
4914407
6120226
9889731
3187425
7084694
5598745
3452253
1315867
884717
8185064
1135989
134262
4865768
246608
4656203
1416292
3292896
2390058
108519
1960586
8320425
5013297
4233422
8509138
9170161
5664894
5734251
4479201
4890088
1525675
5402846
8328343
4026450
7570617
729043
9858302
5598890
1915987
9999030
9164645
6745952
3438127
9949324
9852728
2346051
1129543
2859527
4529862
5082065
7727178
8471793
5767617
7552304
3659617
369390
8010213
3212115
6363905
1757771
6436614
7144069
9085084
6145019
7561660
3205960
3359230
7142149
9819597
3091965
7480124
9319572
4187394
5566225
9301518
7773277
7272965
6999309
1693845
1521060
4876738
2462820
2878761
3990912
9854611
6687951
3642800
8192483
6119909
6243399
4122807
2685873
5051090
6155771
1601887
9589431
1005515
1777377
2877218
3890361
3703678
8153323
9632936
9552471
488665
7057128
6773010
7126223
1141176
6345553
5485141
6448098
7629667
3256887
3624176
658524
765995
6961381
1639659
7863020
8485000
7383486
3025469
6227336
5199055
9604092
3816349
8052268
740579
3944720
5235616
1810916
1030621
6868670
2141615
368403
708989
1442882
5206878
7376615
9355563
440269
8357363
5132807
4613881
3321995
9112603
6433505
1584484
7634896
1577893
3328251
6842577
9695732
6572213
6824932
5237418
6876982
1807032
6495204
2000398
9965867
1628356
4001081
4693732
864596
8999863
9626018
3740379
9912676
3074366
284307
1910914
9335004
5692623
9082317
6677604
560082
2810170
7605986
6393869
953665
4899553
2542419
9371923
8199112
2844387
6109419
1033485
3846181
6260790
4631078
7168435
3637168
3732572
8668713
1717632
5795568
646133
3686248
7665716
1681083
2647344
8161953
2522995
2742207
2358764
435704
2866315
2562086
5160476
8196322
3384796
7036057
7598442
7343046
6524751
8613174
408469
2612264
2415166
654908
3982267
8661849
8105367
9368078
7741386
1860907
4759465
5980890
378020
4474583
6343174
7400584
5694152
4273251
5005726
5202555
6540875
1767275
7653714
8064240
5101600
3454424
9624087
5020498
9099752
7850405
9556466
5578930
2476598
7851243
7762735
5271791
3674154
4930931
5986825
7356600
9969965
895752
5469653
5983461
3203291
8501430
3166632
6103854
9873638
8217238
5415517
5515828
646092
9254669
7527625
1544198
9898511
8781213
2738527
6818551
2174539
3658557
3541313
9377414
6065726
5536869
5000154
3396037
6816053
5233593
1068455
929385
2262833
3531987
9360203
7399939
4826146
8131502
2713714
7983053
6870868
1154528
1554695
2336298
4520246
7630980
2840942
8936454
5862948
6992378
6956496
7082535
4089057
4219980
7597340
7002546
3117484
9744834
4893294
1197829
1548372
6958757
3277713
2722743
9268108
7409128
6150584
7434457
7805929
1949757
8460453
1087841
5461313
6016957
8952679
6046110
8014011
5175322
9049133
69762
7969685
2390440
470337
1600357
2726216
6721986
8191555
1201483
853159
4047685
4695580
1885325
48972
7991959
7129029
4757118
1470203
6349050
4164104
2082949
8323993
4568361
4419341
4416543
6544029
3415289
6213157
8454721
3172584
2438184
6379170
263509
8717197
6399542
1349047
7493564
7866478
9354154
601725
9292009
8561123
8252490
4568490
4626167
138243
3270481
2368840
8066068
3455894
4914493
6475353
9164268
4400305
3569508
7826490
4952768
3848243
5751233
7005133
304727
2916807
4065472
5574420
2720304
137439
5171959
6733273
3562944
769022
8046828
612057
6235342
2652768
1084070
8595152
5010482
2795815
8756159
1829020
3790499
9064
1350751
3699859
8139401
6529415
2405027
2708213
9661533
5939731
4472079
2496167
5416914
5417961
672836
1291698
9280882
5520657
9653954
8954595
3058699
1733631
9982734
4443495
312493
843547
9068651
3525130
6913677
6088420
7677876
4868185
8891654
6681107
8711587
1891336
8572151
8737561
1537685
8275585
2168798
9580513
4169279
8764149
2925785
2654739
1547058
7587581
8944986
4560899
4518819
3578669
6052712
8420192
359107
3094147
6796839
5015314
88094
2140331
315283
9804509
4961111
1447950
9321817
5888556
9272256
1091575
7958720
744924
9499439
315058
5026089
6220508
2381586
2000015
3556149
6578342
4330076
3948721
2749411
8746828
4756232
5737114
6693313
1949222
5422984
1469103
7674977
6560605
394386
4667164
4122191
577384
5507432
1673455
2646680
2212901
3390030
8262680
246988
4237975
4286580
8689623
7393326
4251310
9951218
3462997
4433822
2075663
2007112
1587344
9462937
7946532
4175858
306301
1560572
3002674
9258649
7924866
3784298
9771185
4486959
2997192
7967488
9893835
7328038
5460059
4129350
3791929
3556237
1266544
8205173
4061607
325965
5258795
8152888
5632718
8675757
5030393
427210
2224603
1922314
1620736
2584084
3996181
5716104
2873893
9775167
405793
8797669
4537626
1504603
5183024
3768039
27159
7313209
8912487
2808867
7695748
296527
3726358
1334035
7192699
8382315
9600886
7272564
5485668
2264258
1782008
8015550
2809507
4679634
267321
3138100
6828680
7133140
9333056
3842022
6950835
1767957
798443
9813222
9385869
599399
5210813
9833466
4488849
4587702
935114
434960
9134394
5022418
6888269
1859879
2209558
8121229
6241807
8412719
2558252
8022085
3400413
700447
740575
3445413
1579969
3378996
9175153
8207581
171039
1867589
5162286
9046151
5605385
8261897
1773315
3231769
9610560
3228411
5194552
6772125
9237627
60240
7124656
1318135
1395550
3872203
8667082
2889091
2890966
5751689
922991
1978174
9256982
2759100
6433545
4877145
7181070
9828991
2425071
4816125
330218
2803084
1853747
2731729
8105331
6578460
6572499
1030613
6613274
8926850
4015096
692051
6584751
9660258
7547088
5909884
9490481
7276348
4802267
9352416
5750274
1925680
2205200
8556463
1517142
9276913
7471711
694828
2712380
4055184
443169
3262763
9845861
429983
4667540
7766898
3444414
4237733
8642334
7286747
2129302
2088939
6753665
7776836
3862724
6174911
6782669
4433085
7732755
3620011
3773689
5773779
335325
5371097
8909083
1884565
677876
624172
6855644
2513904
9984581
4487301
3524225
7355805
5749758
5707015
613026
9843645
3402683
9017096
2894823
9422473
3019992
7494663
5976543
8821527
2874207
3191709
8110697
6551091
3755966
8769705
3016572
9762871
2772680
74594
6216168
811425
7287750
8991503
6290087
1790045
763604
77435
4346535
2477726
6036303
7274147
3455562
168943
1475667
641410
8115805
8769826
7892984
2412091
3414881
5341617
6053602
7881617
9280342
8914882
1194261
8443625
8741711
2418475
2440022
7713670
2772194
5774911
8058175
3371080
4702441
9839786
7973239
1779939
3171831
6925412
6037752
6493808
6568637
2415034
4476496
3094217
9516013
4450508
8161007
6401609
4425751
2714124
5547253
7840730
620648
7019089
7243445
5066393
3505718
8447295
7344069
5736323
5314598
4737381
6451424
1384011
1961316
2016682
1735640
1061398
6709544
6744723
6519891
2253044
6399086
8447796
1028479
8818450
2578983
9716254
1893104
1075481
8806497
6344470
1053878
7058510
1372360
1004628
9083262
4176348
2399851
8415307
9234773
1385045
8277433
1883653
2585211
3457210
1022055
2076012
2552415
8530064
7838944
3358001
2070119
4271448
90943
6619690
9943168
4259502
5997581
9775068
5833856
8583838
3632468
6435567
1035079
2160131
7202435
6519457
3132660
336162
3119778
7140342
2873612
4260435
4329332
8410928
765712
458297
263691
9210751
1610884
125792
2104158
9308470
2257042
1671296
3038339
7431018
8519740
7992306
7557249
23566
880557
7435708
6675270
2717908
9157751
6115993
6649100
2115417
1113108
1299828
2609385
77150
6893943
9107039
6039504
5531333
4272347
1449399
4612041
3513943
3188711
1281757
4992423
3910850
7643794
8582912
8916355
4868303
2668533
3504835
8840406
2515172
9573665
9341089
3064743
3576879
2254293
785774
9853270
7980176
7651496
5507802
6536118
7390344
5853101
7915517
1218911
2079485
1441746
7841059
5175077
260139
2526181
5161818
5636962
3192887
6383569
8121051
4128128
6319163
8713976
3598850
5616648
6052935
7521053
6271937
4687447
6001797
1916759
8749923
493319
6059344
2751350
744051
6521455
2802579
327364
8275585
5242844
7204837
5072394
9266553
7499564
4428284
3432469
3462345
8668695
1640100
6084961
752678
5808125
8570783
5043436
8492451
9585039
4086414
1065689
9669023
801879
8358003
6432001
1347472
714464
4401653
7480636
3892196
1021821
9572793
2942562
2511446
5919626
6052824
1741818
7569666
6906527
6681621
1187684
6142776
5183617
4530810
5507796
4813069
9791793
8677524
5714630
8878083
4881822
4871355
6278468
7073503
3789880
6358944
772912
8636955
1272277
6370796
2643784
1584912
7900440
6898689
8478334
2626568
7695564
8572811
6305940
7632936
1985918
4530072
3488964
2469528
2145044
9161764
9944261
6697412
3999324
6897105
896675
9547757
3029898
3858110
9378187
2459973
1494501
6358525
5418481
9454597
3830557
1359583
7249435
3686397
5019737
7802390
9199182
6549414
6232707
8174387
9120541
2440748
1198715
3098862
3859779
4041453
1399885
1909773
8985715
2195443
6316438
5532688
8784785
566724
8670603
6048334
4976450
545430
1419335
6074207
7956901
489435
373558
6787467
9106339
5095574
2182403
8210930
6356739
8307648
1012978
3710656
2931116
4733267
1892609
9904131
1253525
3672910
9167514
1099208
2985396
4296361
4814393
4377565
2719832
3390593
2568688
2523225
4049956
3434920
1764779
3290539
6157299
2127973
2788678
2799198
7505797
3690802
889476
7785908
5697467
3919287
9611407
7354993
844603
9076317
4587966
5145235
9130822
7682500
3297866
1705433
9593884
5313359
5554638
2057177
1577102
1476533
3746452
2694228
2759127
3041076
3240672
5054138
9622618
6389640
1197897
2849252
2407705
180812
1174601
2405663
3216877
4964281
8615097
5278982
8610494
4174060
3124729
9526898
1302461
8173356
9341608
2391356
5593426
7349807
7808918
1147344
6278804
4916393
481055
9871464
4966786
983077
9927815
8843835
1276658
7610454
3826957
3980981
71625
3148607
6817294
5418729
1434678
7624647
9072838
9095578
3475998
9300525
4917772
2842301
9846747
7349116
6167813
8502982
7609875
984098
821128
9422769
4797430
5855931
3026053
2762117
84130
2222147
2175759
2875060
7906531
9877043
7547023
4713
7614101
6901635
8191514
2319393
8297888
421103
5104111
9294669
792471
84902
3836218
7521614
1749184
7968311
5461252
7122810
8166580
7756215
8068343
8890081
8482759
410465
4202255
8367029
8021269
9838501
3195492
5542843
2414563
5949698
9343561
1570661
7101855
9263437
5467628
8445731
327182
4377460
2155000
4559147
8195798
4349248
719380
205452
6059539
3474789
7393040
4508181
8178758
3478003
2160435
5786912
7456810
7655735
8150919
4321615
2633310
5461240
7078440
6817461
4721850
3045726
1471069
9786008
6265500
8497745
9424499
4253995
1657984
2929975
7816159
1346734
8959670
3171398
7380745
2003599
7139619
9274891
3618798
8611446
2910154
6239632
660701
9257867
9792372
7186607
7719260
612381
7586692
613374
7757133
7857015
9761071
8375058
907534
7109845
4712801
3371048
4107965
839094
8989857
1340467
7189370
7704715
3654107
6539763
6768937
6260177
9985344
9405384
1170273
4763759
1497410
3292908
4444069
9209597
4930651
7482470
6307367
1313292
7236872
7197027
5320747
4873746
4913690
9941449
616380
5105579
7172251
70278
4234197
5126556
478825
1503911
8041726
9711030
2299282
7375513
5510213
2473030
8090225
4443392
3820277
6818530
9210567
59581
1871939
3335455
7687735
7594571
8628616
5569014
4132403
7862301
6872589
4612044
9270965
6506704
6474259
7993904
7552852
7709978
4941818
3213333
6281650
9826630
5197798
2264445
1650792
6294731
7819371
2521340
5969119
4330517
9190243
6084788
5390250
5947381
9264350
2392756
6595294
7468107
3490266
4624325
1677563
5045883
4766987
3900684
7209248
6498682
9497044
3681884
2709141
752459
9387809
1206634
441344
4252018
1294922
3579738
5933002
5907932
7225503
2428768
5047155
6643736
3319273
9051371
5956628
6673853
6842743
8597575
7830429
5814839
1509482
240791
9168423
634964
6812569
2580517
4384544
9345169
8063340
5766756
7645773
2723949
9064802
8222531
5785627
5606876
8639024
3099955
3972958
1131154
9530521
7158346
6261821
1595635
7174404
5313043
8740618
8922865
300237
2461811
4813299
8779475
7378575
1541654
5497773
3278941
5855113
2727014
3124408
1382567
2812209
3760544
5801346
2045911
5343975
7170060
8078934
337398
5756662
7009913
359785
9504363
6812939
6632306
3423956
5549463
4951381
9516150
818935
2930775
1409781
7070721
5482906
6861360
2139459
4353104
7561345
831748
6174235
2687284
9162315
3980839
7870600
800655
1658311
9280522
971860
9685150
4299060
3167026
3417575
2949156
6597780
8009116
3840760
40313
9169812
4121729
7521171
2231389
1532476
9987263
6438304
5291931
2222253
4371
2376730
2123113
1884172
7469448
9977178
9993742
6379349
9993445
5751886
3379868
7923574
6434050
7145412
3854729
4124472
2506243
8360387
1043091
894805
9724853
1155880
5820137
5281915
4919796
1136481
4540020
5690394
1281807
6624079
7251906
4782176
3762068
6296985
8026039
4232908
3670394
9418528
2688256
325310
8910101
8109668
6887581
6411083
6872549
9201214
3414220
2827416
3800144
867495
9538004
243932
2823801
929005
9553606
8567176
9168819
8884900
4298494
658516
9023701
7210448
3258149
1053177
3691183
2827712
4358837
7857681
9105232
6240754
1927021
8139681
5013374
7929298
2637461
3669854
9723473
865179
6683313
871872
3569943
6066515
6855098
7146473
7666734
2053816
6475280
5184224
9221706
863909
5344871
243110
7410565
2644070
5766893
1861698
198954
8769541
8588444
4309063
7474593
7014222
5568389
4345804
2504457
1038246
9421912
5035373
736256
1344841
688700
2731506
4391663
8557462
8806556
8401255
8007678
945471
4398900
1901764
5911102
3949293
6517361
1881827
5865188
9476037
157385
4676814
3700427
5204547
2792392
1403466
8798787
6383268
6267524
6358502
520642
8969160
8098175
2415658
2975442
373058
8608241
9995166
6929413
5108197
1572276
8735613
9059429
2289353
6942234
2543935
8392874
6953430
207944
5182688
3444826
8989171
1781606
7554353
9297979
9511837
2357422
3492236
9842030
7816342
6306096
1610802
725315
6967552
3747272
8896821
6738525
246464
7678405
2409838
5558020
7179605
9659483
7375986
2962415
2038009
4248445
8072881
8878887
2014541
6197203
2442707
2723362
9309802
8781041
8738521
3894749
8320632
5414186
507478
3034664
9718267
9969163
3088756
2252077
5644
4603621
6919825
523985
625270
8050780
1859117
283471
7232818
7375975
6874059
8961589
6130979
6054014
9569160
1453840
1652219
6457983
5212524
458312
9154646
5775588
4716080
2700657
1481064
3630959
2217374
2642159
939252
1239193
4678497
952519
1065975
2520959
413129
2562201
4714692
2580390
2623043
1692750
3659474
1065332
3799914
2444694
3974745
4675886
7865359
6857578
8733017
6652442
5739544
3924657
2982120
1546627
931359
2550742
5493399
1914877
7262794
7158885
2126067
123981
1426541
488586
7021411
2913785
274059
1291489
4684520
1045941
5684531
6009847
6686428
6690556
2289722
8955735
5964181
4718376
285388
7556760
282597
4833942
3812888
3487419
3221932
769654
3194149
1599078
1377075
3301814
3112985
4705628
801989
8149099
4602335
7555255
2821143
5429284
1108751
4034076
1099007
2834873
8590210
5220440
4886669
3460486
8681779
1166705
8194150
5953478
8357960
6682514
2322496
6187206
9839148
700585
5688704
2613287
1773921
9917519
4597904
652584
2232350
8546963
8255170
2790214
391229
1921516
6477197
6505724
2772568
6839681
8231535
4228002
1746650
8146565
9622819
9452447
3362570
6613697
1544030
4606707
4831165
7702536
4881612
3899752
5350281
1882935
5340729
8954792
5342456
8640982
6107678
631254
6820084
4140881
9483447
1618851
136439
3857525
9390303
817838
2730319
41962
1458791
3414155
709839
6574208
7049133
116058
1433954
8139882
5761733
6386678
8925941
9281902
7362065
3230062
1685834
2746694
8764637
5651580
742045
3769279
3147540
8886843
5569376
3716349
7502259
389855
9357472
4798916
7791961
7406097
6790068
7460121
6667073
8122428
6168882
6103091
2895242
527105
807842
1365361
2440468
8738025
1405500
6343603
8105184
3205935
9898172
7832973
7137267
3046132
3174131
6300303
33295
8012196
450815
8385041
5662922
1021637
2656009
4482306
7311497
3387961
5579891
2545760
3724540
2275064
3795702
6840117
1280020
3026596
8953272
6133744
9179294
1844264
5952573
3725824
7096120
9606865
5313809
3373364
7642961
5347918
4541128
8546734
1316025
4634810
9848819
7584367
3861754
1537379
2076279
406417
6502140
2653422
4637579
5935216
9222482
9398332
5713561
1929564
147802
7296371
6979426
4822587
494176
3219754
1646293
8463212
6921014
3344864
4509482
2366595
6033980
5122601
4174208
2692105
7332052
8161582
2672285
9484405
779831
7177025
4023807
9699621
5761492
1375933
2202339
5961591
4532746
8895905
244112
6561690
2213436
4509271
1824383
4532780
1510909
8129381
2969209
2848378
4312634
5681867
9937519
8902826
6240786
9505163
4567762
3733398
7452138
7434266
9381606
7756635
6820247
9017744
6515250
3250666
2092814
6937383
6226907
3035498
736667
9305490
3333459
3903940
2176308
1034967
6329355
120535
4039108
1602192
8801812
8454769
7843847
3027528
3493183
6886353
6735414
624721
5246394
4970559
1813860
1147876
3650552
164260
3416466
4134412
992055
2215096
2831953
2297600
3428305
1697471
473680
5663080
8242830
6114633
5870575
1766397
2260494
2018346
8792435
650507
6562309
7468149
9338183
7423918
8025382
8008001
747920
2955382
4364820
5310880
1220959
8000858
7257242
4332316
7639847
731893
8724242
6204652
2742923
2639296
2558942
5815356
776287
2740759
6983508
8340946
2455207
5656883
6340400
1072625
1244929
6906764
6826130
6729738
4300511
6868796
1296365
3246566
4293544
9330990
9917105
169625
9630312
6595512
8481908
519981
4917826
1368360
2109364
1837926
2043195
449515
5680271
3853695
6419855
3646022
1359116
3725182
1164043
8381668
7355976
5612620
4951620
5638322
5775448
5337348
8327058
2338108
6519920
2842332
2700081
8177177
9979282
5912865
8435606
6787898
2110612
7354271
2102078
3290099
264139
5835656
7524145
7570722
9967464
7917910
6868010
6838665
8589844
1890102
5356351
3115984
8772050
8603892
4657363
6681760
4230465
3163584
1805502
9447688
6679578
6155323
5049405
3564266
4247258
971616
3697507
8294723
6128398
2361954
71111
7386932
6272644
5882794
6893622
8995513
7449245
6589970
9899745
9920649
5746426
5590146
5506701
9637601
1519996
1535981
1497650
1669805
7946926
5463508
5705584
6189821
4015266
2245308
8700605
9508903
978341
5416335
7034331
4671583
4964904
3912987
6049267
671713
1451159
1726148
1056438
4581673
4097815
2833094
1778452
8553890
8047197
8580358
866440
5733396
3953935
4068445
3517815
2322596
4103067
6935184
2067699
898027
5087561
1365921
5983898
92348
212674
9050374
6618659
9310755
9113118
4890198
5219444
2403571
8902562
9236592
7098153
5221543
7675205
4649151
4316834
1518189
9285207
997812
6567435
6384709
9515320
6756099
585082
3596181
5994897
7497874
3163514
6081388
5410599
1615305
7707179
291429
8609385
424786
4805218
5670655
8384238
8471420
7732939
7210242
1584583
2318634
2696759
3735376
7250922
9559087
4552271
4520738
7755
3431790
6011980
544662
8632616
9273613
605071
1384283
4935382
4144998
7719382
2559743
5417308
6014486
3714980
218844
5070595
4435573
3280219
9725964
7470260
901315
4637611
6443546
2377052
5568421
9164635
8751822
9558051
619684
9511573
9178708
7651935
8834063
2259063
7716394
3998309
2582766
7164603
3952502
2255703
9414447
3316299
9619409
7030311
6848638
3281237
4180961
7147652
2173588
9255413
1690706
4659848
4103597
8949212
270382
2991393
1412344
8949221
1635399
6496353
6292365
1536227
1776912
4370651
2004344
5032827
8684891
6660623
8209584
8240670
8657729
3695524
1484944
7537329
5929854
7081333
8571511
2784887
316801
2347253
4146816
188617
888656
8131634
44248
9140749
1599805
1016
4397925
9327095
1495102
2402902
9354435
9646563
2328319
2419681
1937388
2032219
5603662
2454595
6121704
1467389
4981627
3037034
4109800
6795658
1672531
2454221
4780593
2234004
2455875
4182862
2549416
4016347
2703162
4804059
2540564
3592895
5743933
2686084
1278137
8824387
874050
2918725
2120292
982046
8486796
2292916
6771110
9883663
9615174
1861549
8034674
1894014
9254967
4371813
9853081
3859228
9744632
495497
5447955
5459334
2431738
7925265
4988500
7046230
1759931
2337717
6067896
6337895
6976434
7268638
6366216
3069121
3002922
1827663
5884915
7283699
7671100
5188652
156858
3709444
3667068
3341736
7301726
3409429
545278
8806856
5683240
4011514
5377826
6422195
6722077
4779925
5964894
3867991
9937919
1280844
9898961
8849746
5723055
6154663
378951
8175803
2906021
9054845
5884295
7149526
5320016
4628101
3704084
4181676
5592432
295635
376521
7770262
224211
4733084
4712937
3139611
6758608
6498046
3537239
5300512
9225160
9650080
828112
7285157
3002353
2644927
1818279
2296667
6591311
3103921
4018657
2782702
5485415
5233584
6374869
341124
7971722
9972177
8481919
8218601
6255505
9876105
4785537
6895888
4076192
9064106
3193836
1916702
9063794
3125625
5054930
5650447
7184318
9337293
6898310
3839197
608836
7537264
5956403
4847557
1567724
8955569
8214864
8361381
9587894
8013103
8509259
7219334
6663099
5193502
3414514
8936032
4148969
9104018
9971363
8431734
4099056
5837841
8330377
3965000
7387174
4701130
8226732
1701974
9951039
8856593
7845639
2606411
7834860
9306040
6245314
7591125
3320385
1665935
4692300
4656739
36447
6147816
4851126
7947585
9429872
4328566
1141011
9235730
767589
2621324
3312207
7947019
4046952
2514821
1083440
3604350
435529
5991239
8336913
1092570
4791187
5752614
1009435
9389333
3509364
2840280
4347206
815471
6446911
243226
4113430
4657282
1394576
2933000
2118884
5892545
9117238
9659840
4305906
3985065
1671858
4443537
6678079
4297385
4042524
2385943
3692801
5926042
6561519
4542804
5995949
2664834
5449592
3864566
3284080
6098140
9395679
9650852
7526770
2024870
7274321
1050077
6717339
2927840
7494010
4105459
7258972
6839045
7705815
9787979
8149740
870243
1186337
8870269
8718030
8965705
7257295
778488
6672769
2138479
5060259
3139202
2239852
2494112
9808244
3979912
7920223
5874610
3010677
5134205
1140466
2538319
250218
6165960
1034610
6913001
5087020
955654
7556078
7967154
1063293
1222866
9727185
7228108
5919605
8801884
1681772
203645
5101314
4087164
9738504
9503688
6919623
6676019
3187410
2309202
2601129
8943214
4679247
4958066
5171787
1772271
2172175
9401207
565700
4111927
8662608
1945058
8070009
1186407
619149
6880432
1263686
4876569
8981213
9841973
4100052
7791560
1934109
9396489
2444730
4399478
4124478
6908700
2507259
1437389
589271
9014711
4800470
1137971
3019774
4420289
6000768
4275029
9125826
4749526
222098
7033496
4992234
7556248
9487095
3376561
6404824
3848349
7229990
1014399
1329747
6661535
5371283
4922222
7169902
7871420
7407259
7669686
1537372
120867
3823594
4411796
8752898
2494047
8070612
3111775
9786502
8858990
3738311
9454144
7658876
7027128
6577712
6518997
4356696
5601580
5396276
1277300
485114
2936017
7611896
9127403
3928935
8472985
7613135
9297590
9066372
2412758
3295190
7629516
301412
2537449
278996
7746450
7270343
2685039
6233988
6994848
945819
3726722
7792392
9223701
5396365
8714284
7025774
4702147
5616048
7326899
1214559
7699824
1608594
1958984
4661747
6567673
5911202
7192438
160209
9649855
2480645
3727544
5147891
8197916
5412566
6292675
8031166
9325339
4481038
2473765
2711125
6243311
8063774
6121874
963848
6611583
9266568
5939046
2180740
8760706
6883847
9815373
9263613
5962822
3188772
5860217
652693
9684455
7801794
2484068
9228589
3602205
3207233
2343016
2812122
848394
5217078
5092036
3872039
2972423
3418775
3914489
4490
5703874
3523688
3268288
4756019
7282600
8692579
235808
8291260
9297585
6776038
9528701
8328108
7552915
9240510
2465463
3298967
4005619
416597
9441335
9558692
2234936
943659
5690521
3665829
3378758
295991
7699711
9120474
4269462
2483699
5164149
2994997
8668252
5920008
8459309
9744984
7871878
2417322
3678327
7276158
7875534
6986915
6657692
8893906
6016654
8190282
9614258
9369787
4403234
5537707
4140818
9433076
8572679
4946891
7559844
5720538
4895904
5532250
4019904
2676751
2012888
6719165
8163601
4870043
6338967
145004
971913
1549224
4443965
5089980
1734091
5481963
1856400
6620031
3679103
5865477
7129215
1198233
8765752
3932535
3526982
3216008
8544463
4593048
4629057
7009876
5960376
1364388
7690202
7522361
9358136
1768340
5266385
8009882
7514285
9919466
9945753
5967309
9537308
7740089
3869746
197883
5740468
8993400
6070276
6715394
6868847
7761559
2949933
3276852
882287
978847
9645140
1838067
8641291
6942718
751438
9663167
8327825
871736
3106141
3027656
4688282
3459300
8384653
9559031
2312619
3091053
329715
7368878
684990
8241532
7901152
3146393
4718129
9604136
5664675
2533988
8959742
4482809
4243371
3695540
6267552
6585987
8008380
528105
1632339
4674445
190094
5495406
2021680
6960293
7399952
1379366
299397
7195858
2419704
7370044
905732
9210186
2074350
8635787
8598020
3758471
3958376
8008656
3336141
7143467
4077485
5013400
9714967
3666111
8325116
3498003
32075
1144687
1670706
831646
6030030
836942
9296368
1473813
2080912
1287358
2323120
8163127
2523936
577708
8089751
7599583
9579621
3389492
6034754
5502316
3480933
452884
5844475
81295
1569989
9557385
8752875
2714197
7180937
2951900
2025999
6252869
6263868
2952108
4636213
6651251
3438629
1851115
949929
8466534
4900637
6706831
6686428
6500328
732253
6339901
3242927
9848740
5584960
5402460
4346699
8570567
9084506
3681916
5335544
7586465
3715800
8575632
2560292
2222982
6347460
6347482
9315897
341024
5624929
5457807
7970190
8593603
9154867
3817315
9412988
4341091
8816327
9909566
3250253
6272628
5704097
7784897
9085294
4313397
1046068
1178379
7415547
1719258
6502704
6916566
2616538
1289835
6780602
4493255
9128919
4087401
8058383
9103781
8838513
7203540
2141010
1519553
662923
9602584
5902849
8043243
3620236
1025963
6575463
1038965
9294038
8517958
7036525
8484860
4137371
3463983
4318218
7021399
1517132
2475870
120428
3957336
6266459
6616738
8498430
544460
9815329
1883737
3582386
542975
8383643
3225624
4216719
4791029
555095
2072039
4234007
6590292
8910454
9364281
2651217
8828014
579784
7016040
5884184
9111117
2766878
3250299
6186719
9297065
6822991
7984144
7218995
4177133
198105
6468624
1710586
4597367
7695538
6022352
8115003
3850030
7219639
9434675
4535656
4203030
218887
7569140
2964604
7089033
4200591
2727283
4825347
142786
2686875
1950645
7874873
605221
2278428
7172066
3795710
5406164
3057561
6093518
5430732
4343463
5617545
4420681
6516233
1611769
114535
3079477
1948492
9701052
8889022
44541
9216410
6107227
100392
5375654
1242543
2700999
7967244
7308132
2090987
3119044
7268029
3707253
4305297
7479918
2003264
7783655
9352572
9146214
4294604
5727942
4044864
8177351
2061880
9349790
5080493
351696
9540832
4329745
6054310
9861370
8739690
9889255
8485818
8536055
6704886
2911496
5917477
5910477
9544104
4790867
7185121
6408201
5144076
9806980
3463915
1444083
5736808
7927842
9999612
1087098
8561230
500997
8571856
2440011
4762093
4860891
7582080
4066441
2868487
2880855
2734691
1713151
8411619
9525799
794144
6721597
7694156
907235
5392104
4670133
5097830
9580031
5230411
6789898
3629860
4211393
8944009
5299152
9345321
2020273
2321412
8437460
5565256
4548480
1685454
9359037
1447122
3184388
1381539
5581642
9142848
28340
4983853
4937319
827342
519540
9315604
1432742
7679602
8796320
6766049
5204806
5070396
2710343
5301744
1475747
5276417
6951857
7404594
9066880
450280
2348793
9692137
3646356
5291001
8599320
4246271
3122345
9134928
5060247
156261
3235781
3021182
1370514
1961731
11878
2103898
2498284
4035267
9787639
9498231
1700814
4812082
6877616
3317440
7084533
3397157
2601894
3672502
7572184
5208860
7860736
9711489
6766776
5657647
4791406
194768
5549859
7692060
4506079
3253299
6684151
1959893
7598046
4199281
284624
1234000
2012151
6960777
9985000
7974726
8927110
2074352
3192441
8605446
6149934
4889235
7320644
7132376
9888382
1554623
1957783
3690897
3122693
2829243
7209600
8303503
7299028
2984965
9954259
8159201
2503159
3387135
1709796
4540793
1695095
3969096
6162484
261740
5115523
7978102
6016295
5857494
6247965
9004437
8299258
1665395
9039372
8772278
5045190
7395068
2586716
3988579
9339309
8094636
6675482
8661430
9674936
9158141
7751701
1327056
7362256
6121621
2359791
8286752
1161247
4356005
1572976
7990348
2614411
150612
1280014
5394552
4957058
9945649
1281542
4163551
7175431
9939754
8770665
6467685
2330565
8766596
7483154
3844149
7308321
892024
6199603
4591553
6666239
8886315
9013864
1962221
438052
8834495
1717984
8965543
6598897
3152946
6887315
2074184
8469606
2454005
4280780
9432784
2781241
1862179
2088699
577269
3640007
7420845
1076240
295403
9543417
458984
2747838
1264688
4573747
2849263
2400440
759641
4673951
9109782
956531
6253518
580446
3323506
4217873
3257572
8443913
6675794
5396776
4313579
2919805
6342542
2785070
6503921
2065177
6231812
4701610
1062365
655809
6512550
4834004
3782883
1272409
7026291
1516268
1721318
4154723
6220252
7284194
936910
7051655
6234937
3948268
1392964
1852132
3942254
256388
2265706
7411207
2052216
9195614
9898680
2889011
4520181
6607559
2868276
2216734
1802396
745331
1550370
4738446
7731964
2481656
6348189
3068437
2965352
5039766
9121958
2261077
634099
9418683
4449171
721588
1927469
3272955
6426575
3454129
4811580
2479133
6540477
6837609
1988313
4504451
6851384
197834
1824839
6836428
3964717
9311985
8342728
6032899
778886
7314666
2386544
3896494
7754897
427688
1708877
1089978
1167808
6561823
211385
8436430
3606103
9508191
4069663
9249670
3996504
3788384
3524049
2435907
7173432
3308143
1188363
4781590
8977332
5783737
617203
2074773
2032101
8020690
1838575
7007145
3923410
8578750
7581994
3977342
9258694
771750
1122001
4529068
2380627
3304619
8817406
1282310
1069483
1208647
3582900
6458709
86389
742744
9180538
6196016
1920032
7042210
5643247
5915818
4986816
5237060
9440810
780398
6831761
5968553
1477673
4113642
1009965
7380658
4784018
6650752
3424167
8323723
539016
1138965
6369272
6673971
6444615
5602144
8376496
2695513
7588670
1023261
8247
4492874
3153778
3059929
353748
7837446
2655956
6667686
3509300
7842756
5564787
5061246
4827357
7013893
8147031
9330706
9382579
3743475
4051753
6834566
206677
3124763
1592172
4397196
4911484
5380886
2143110
9505972
9539948
1049316
6680277
7925961
8482062
8478204
5066407
5270530
6106943
4174894
5356310
5203685
3491149
7988137
3154052
3713923
8610727
8019133
4446983
6897795
9989251
8665741
6416320
4737544
7011218
9980519
9348601
979839
7552367
9250418
3352209
3771690
8856792
5139336
8195764
1520535
2983969
6739824
416489
4905207
991721
8967661
7357489
914881
3990911
3701207
4935987
1511439
9209353
167457
1811362
5406335
1812329
8550277
8197201
8653444
971113
8438337
3947953
2006280
3611207
2993777
309378
6645538
8263917
112731
9574193
3633331
790272
4105147
5113840
6980832
5227560
7637376
7890826
4567142
4021295
2158748
6920576
4843916
2502902
8532975
303651
8005007
5121909
6984334
2109979
6687175
5871302
2855717
9923549
945347
3068360
9305807
4869348
8753206
604955
4972980
6690192
8410355
7318676
6549427
2904501
291010
111468
4133403
9687467
3627190
222348
1766844
4431461
1460474
5847335
9862956
1269054
3279125
2648755
3584395
3056992
8526050
3124515
7132933
2102224
1037823
1133691
2343343
1835024
9338687
4767435
3199424
3240436
1733848
271301
8251982
9510724
8659374
9702580
882913
6990293
8258798
3820418
7524743
4827203
8781458
9903622
8518004
4481342
1083609
6838711
864954
2427082
6782290
1734808
9301164
9199921
8792698
2041969
9051471
4893494
